block	genotype	root_length	plant_height								
B1	1	76.2	135								
B1	2	38.1	42								
B1	4	71.1	139								
B1	5	78.7	94								
B1	7	74.9	104								
B1	8	86.4	119								
B1	9	63.5	75								
B1	10	72.4	114								
B1	11	71.1	94								
B1	12	83.8	144								
B1	14	73.7	126								
B1	15	71.1	136								
B1	17	68.6	81								
B1	18	61.0	112								
B1	19	91.4	100								
B1	22	96.5	145								
B1	23	83.8	160								
B1	24	50.8	90								
B1	25	66.0	136								
B1	28	57.2	96								
B1	29	53.3	19								
B1	30	94.0	120								
B1	31	73.7	40								
B1	32	91.4	130								
B1	33	66.0	100								
B1	34	104.1	210								
B1	36	61.0	56								
B1	39	101.6	150								
B1	40	78.7	49								
B1	41	45.7	90								
B1	43	68.6	110								
B1	44	68.6	77								
B1	45	53.3	107								
B1	46	53.3	79								
B1	49	69.9	76								
B1	50	94.0	98								
B1	51	104.1	106								
B1	52	58.4	85								
B1	53	61.0	169								
B1	54	61.0	138								
B1	55	49.5	51								
B1	56	81.3	100								
B1	57	86.4	118								
B1	58	57.2	100								
B1	59	88.9	135								
B1	64	66.0	147								
B1	65	40.6	73								
B1	67	69.9	12.5								
B1	68	76.2	110								
B1	69	43.2	76								
B1	71	78.7	137								
B1	72	81.3	110								
B1	74	38.1	105								
B1	75	58.4	130								
B1	76	58.4	100								
B1	79	63.5	106								
B1	80	64.8	65								
B1	81	81.3	140								
B1	82	62.0	130								
B1	83	76.2	102								
B1	84	78.7	107								
B1	86	58.9	44								
B1	87	68.6	75								
B1	88	73.7	142								
B1	90	53.3	67								
B1	91	82.6	62								
B1	93	91.4	118								
B1	94	55.9	100								
B1	95	86.4	61								
B1	97	35.6	64								
B1	99	55.9	103								
B1	100	58.4	98								
B1	101	73.7	76								
B1	102	87.6	89								
B1	103	58.4	104								
B1	104	78.7	150								
B1	105	73.7	71								
B1	106	48.3	35								
B1	107	88.9	100								
B1	109	78.7	155								
B1	111	78.7	75								
B1	112	78.7	82								
B1	113	83.8	74								
B1	114	67.3	135								
B1	115	63.5	97								
B1	117	66.0	131								
B1	118	66.0	124								
B1	119	68.6	101								
B1	120	78.7	140								
B1	132	91.4	160								
B2	1	58.4	121								
B2	2	43.2	82								
B2	4	71.1	174								
B2	5	55.9	138								
B2	7	61.0	115								
B2	8	55.9	142								
B2	9	53.3	76								
B2	10	63.5	148								
B2	11	99.1	180								
B2	12	76.2	155								
B2	14	81.3	157								
B2	15	73.7	155								
B2	17	61.0	71.5								
B2	18	68.6	146								
B2	19	81.3	82								
B2	22	83.8	132								
B2	23	96.5	63								
B2	24	48.3	129								
B2	25	71.1	143.5								
B2	28	48.3	104								
B2	29	55.9	157								
B2	30	76.2	167								
B2	31	78.7	115								
B2	32	48.3	147								
B2	33	55.9	130								
B2	34	86.4	193								
B2	36	83.8	166								
B2	39	81.3	153								
B2	40	78.7	73								
B2	41	76.2	135.5								
B2	43	86.4	158								
B2	44	63.5	120								
B2	45	43.2	170								
B2	46	61.0	150								
B2	49	48.3	94								
B2	50	68.6	105.5								
B2	51	88.9	185								
B2	52	88.9	102.5								
B2	53	88.9	145								
B2	54	71.1	149								
B2	55	59.7	108								
B2	56	83.8	76								
B2	57	48.3	132								
B2	58	66.0	105.5								
B2	59	78.7	155.5								
B2	64	66.0	112								
B2	65	61.0	118								
B2	67	58.4	89								
B2	68	68.6	150								
B2	69	76.2	143								
B2	71	73.7	152								
B2	72	55.9	168.5								
B2	74	101.6	123								
B2	75	58.4	129								
B2	76	62.2	160								
B2	79	71.1	162								
B2	80	53.3	160								
B2	81	99.1	116.5								
B2	82	81.3	157.5								
B2	83	71.1	140								
B2	84	71.1	150								
B2	86	67.3	121								
B2	87	55.9	81								
B2	88	81.3	126.5								
B2	90	63.5	104								
B2	91	99.1	175								
B2	93	76.2	175								
B2	94	76.2	103								
B2	95	91.4	163								
B2	97	66.0	141								
B2	99	73.7	107								
B2	100	87.6	155								
B2	101	61.0	129.5								
B2	102	66.0	126								
B2	103	91.4	180								
B2	104	73.7	165								
B2	105	81.3	138								
B2	106	63.5	140								
B2	107	73.7	151								
B2	109	73.7	144								
B2	111	58.4	92								
B2	112	76.2	113								
B2	113	34.3	92								
B2	114	61.0	151.5								
B2	115	50.8	146								
B2	117	71.1	163								
B2	118	68.6	149								
B2	119	53.3	123								
B2	120	81.3	156								
B2	132	73.7	176.5								
B3	1	61.0	134								
B3	2	58.4	70								
B3	4	101.6	182								
B3	5	40.6	59								
B3	7	63.5	83								
B3	8	71.8	140								
B3	9	61.0	134								
B3	10	57.2	140								
B3	11	99.1	155								
B3	12	63.5	140								
B3	14	55.9	144								
B3	15	43.2	80								
B3	17	37.5	110								
B3	18	83.8	145								
B3	19	54.0	145								
B3	22	61.0	160								
B3	23	58.4	149								
B3	24	71.1	134								
B3	25	88.9	160								
B3	28	45.7	130								
B3	29	91.4	128								
B3	30	58.4	145								
B3	31	81.3	115								
B3	32	83.8	170								
B3	33	61.0	115								
B3	34	53.3	174								
B3	36	63.5	130								
B3	39	55.9	142								
B3	40	73.7	125								
B3	41	88.9	140								
B3	43	58.4	96								
B3	44	47.0	130								
B3	45	33.0	190								
B3	46	81.3	105								
B3	49	86.4	118								
B3	50	78.7	83								
B3	51	63.5	178								
B3	52	68.6	96								
B3	53	78.7	190								
B3	55	50.8	125								
B3	56	78.7	150								
B3	57	66.0	122								
B3	58	53.3	92								
B3	59	86.4	179								
B3	64	73.7	156								
B3	65	53.3	150								
B3	67	66.0	130								
B3	68	101.6	120								
B3	69	58.4	110								
B3	71	101.6	210								
B3	72	88.9	130								
B3	74	61.0	62								
B3	75	63.5	138								
B3	76	66.0	146								
B3	79	58.4	130								
B3	80	68.6	160								
B3	81	101.6	225								
B3	82	61.0	156								
B3	83	55.9	100								
B3	84	48.3	130								
B3	86	91.4	150								
B3	87	71.1	103								
B3	88	61.0	160								
B3	90	55.9	125								
B3	91	67.3	157								
B3	93	86.4	150								
B3	94	73.7	114								
B3	95	73.7	170								
B3	97	83.8	135								
B3	99	63.5	140								
B3	100	71.1	144								
B3	101	58.4	124								
B3	102	87.0	137								
B3	103	96.5	168								
B3	104	61.0	200								
B3	105	55.9	111								
B3	106	50.8	130								
B3	107	55.9	120								
B3	109	78.7	146								
B3	111	81.3	98								
B3	112	48.3	99								
B3	113	61.0	95								
B3	114	73.7	165								
B3	115	35.6	98								
B3	117	68.6	150								
B3	118	53.3	145								
B3	119	71.1	120								
B3	120	55.9	168								
B3	132	88.9	180								
